Dynamical matrix file
phonon calculation.                                                        
  1    2  2 10.4109092  0.0000000  0.0000000  0.0000000  0.0000000  0.0000000
           1  'Si  '    25598.3672624059     
    1    1      0.0000000000      0.0000000000      0.0000000000
    2    1      0.2500000000      0.2500000000      0.2500000000

     Dynamical  Matrix in cartesian axes

     q = (    0.750000000  -0.250000000   0.750000000 ) 

    1    1
  0.23354172  0.00000000   -0.00594508  0.00752232    0.00546269  0.00000000
 -0.00594508 -0.00752232    0.28349013  0.00000000   -0.00594508 -0.00752232
  0.00546269  0.00000000   -0.00594508  0.00752232    0.23354172  0.00000000
    1    2
 -0.05757290  0.05859753   -0.03765406  0.03983079   -0.03792799 -0.12436899
 -0.03765406  0.03983079   -0.05600175  0.07720014   -0.03765406  0.03983079
 -0.03792799 -0.12436899   -0.03765406  0.03983079   -0.05757290  0.05859753
    2    1
 -0.05757290 -0.05859753   -0.03765406 -0.03983079   -0.03792799  0.12436899
 -0.03765406 -0.03983079   -0.05600175 -0.07720014   -0.03765406 -0.03983079
 -0.03792799  0.12436899   -0.03765406 -0.03983079   -0.05757290 -0.05859753
    2    2
  0.23354172  0.00000000   -0.00594508 -0.00752232    0.00546269  0.00000000
 -0.00594508  0.00752232    0.28349013  0.00000000   -0.00594508  0.00752232
  0.00546269  0.00000000   -0.00594508 -0.00752232    0.23354172  0.00000000

     Dynamical  Matrix in cartesian axes

     q = (    0.750000000  -0.250000000  -0.750000000 ) 

    1    1
  0.23354172  0.00000000   -0.00594508 -0.00752232   -0.00546269  0.00000000
 -0.00594508  0.00752232    0.28349013  0.00000000    0.00594508 -0.00752232
 -0.00546269  0.00000000    0.00594508  0.00752232    0.23354172  0.00000000
    1    2
 -0.05859753  0.05757290   -0.03983079  0.03765406   -0.12436899 -0.03792799
 -0.03983079  0.03765406   -0.07720014  0.05600175    0.03983079 -0.03765406
 -0.12436899 -0.03792799    0.03983079 -0.03765406   -0.05859753  0.05757290
    2    1
 -0.05859753 -0.05757290   -0.03983079 -0.03765406   -0.12436899  0.03792799
 -0.03983079 -0.03765406   -0.07720014 -0.05600175    0.03983079  0.03765406
 -0.12436899  0.03792799    0.03983079  0.03765406   -0.05859753 -0.05757290
    2    2
  0.23354172  0.00000000   -0.00594508  0.00752232   -0.00546269  0.00000000
 -0.00594508 -0.00752232    0.28349013  0.00000000    0.00594508  0.00752232
 -0.00546269  0.00000000    0.00594508 -0.00752232    0.23354172  0.00000000

     Dynamical  Matrix in cartesian axes

     q = (   -0.750000000  -0.250000000  -0.750000000 ) 

    1    1
  0.23354172  0.00000000    0.00594508 -0.00752232    0.00546269  0.00000000
  0.00594508  0.00752232    0.28349013  0.00000000    0.00594508  0.00752232
  0.00546269  0.00000000    0.00594508 -0.00752232    0.23354172  0.00000000
    1    2
  0.05859753  0.05757290   -0.03983079 -0.03765406   -0.12436899  0.03792799
 -0.03983079 -0.03765406    0.07720014  0.05600175   -0.03983079 -0.03765406
 -0.12436899  0.03792799   -0.03983079 -0.03765406    0.05859753  0.05757290
    2    1
  0.05859753 -0.05757290   -0.03983079  0.03765406   -0.12436899 -0.03792799
 -0.03983079  0.03765406    0.07720014 -0.05600175   -0.03983079  0.03765406
 -0.12436899 -0.03792799   -0.03983079  0.03765406    0.05859753 -0.05757290
    2    2
  0.23354172  0.00000000    0.00594508  0.00752232    0.00546269  0.00000000
  0.00594508 -0.00752232    0.28349013  0.00000000    0.00594508 -0.00752232
  0.00546269  0.00000000    0.00594508  0.00752232    0.23354172  0.00000000

     Dynamical  Matrix in cartesian axes

     q = (   -0.750000000  -0.250000000   0.750000000 ) 

    1    1
  0.23354172  0.00000000    0.00594508  0.00752232   -0.00546269  0.00000000
  0.00594508 -0.00752232    0.28349013  0.00000000   -0.00594508  0.00752232
 -0.00546269  0.00000000   -0.00594508 -0.00752232    0.23354172  0.00000000
    1    2
 -0.05859753  0.05757290    0.03983079 -0.03765406   -0.12436899 -0.03792799
  0.03983079 -0.03765406   -0.07720014  0.05600175   -0.03983079  0.03765406
 -0.12436899 -0.03792799   -0.03983079  0.03765406   -0.05859753  0.05757290
    2    1
 -0.05859753 -0.05757290    0.03983079  0.03765406   -0.12436899  0.03792799
  0.03983079  0.03765406   -0.07720014 -0.05600175   -0.03983079 -0.03765406
 -0.12436899  0.03792799   -0.03983079 -0.03765406   -0.05859753 -0.05757290
    2    2
  0.23354172  0.00000000    0.00594508 -0.00752232   -0.00546269  0.00000000
  0.00594508  0.00752232    0.28349013  0.00000000   -0.00594508 -0.00752232
 -0.00546269  0.00000000   -0.00594508  0.00752232    0.23354172  0.00000000

     Dynamical  Matrix in cartesian axes

     q = (   -0.750000000   0.250000000  -0.750000000 ) 

    1    1
  0.23354172  0.00000000   -0.00594508 -0.00752232    0.00546269  0.00000000
 -0.00594508  0.00752232    0.28349013  0.00000000   -0.00594508  0.00752232
  0.00546269  0.00000000   -0.00594508 -0.00752232    0.23354172  0.00000000
    1    2
 -0.05757290 -0.05859753   -0.03765406 -0.03983079   -0.03792799  0.12436899
 -0.03765406 -0.03983079   -0.05600175 -0.07720014   -0.03765406 -0.03983079
 -0.03792799  0.12436899   -0.03765406 -0.03983079   -0.05757290 -0.05859753
    2    1
 -0.05757290  0.05859753   -0.03765406  0.03983079   -0.03792799 -0.12436899
 -0.03765406  0.03983079   -0.05600175  0.07720014   -0.03765406  0.03983079
 -0.03792799 -0.12436899   -0.03765406  0.03983079   -0.05757290  0.05859753
    2    2
  0.23354172  0.00000000   -0.00594508  0.00752232    0.00546269  0.00000000
 -0.00594508 -0.00752232    0.28349013  0.00000000   -0.00594508 -0.00752232
  0.00546269  0.00000000   -0.00594508  0.00752232    0.23354172  0.00000000

     Dynamical  Matrix in cartesian axes

     q = (   -0.250000000   0.750000000  -0.750000000 ) 

    1    1
  0.28349013  0.00000000   -0.00594508  0.00752232    0.00594508 -0.00752232
 -0.00594508 -0.00752232    0.23354172  0.00000000   -0.00546269  0.00000000
  0.00594508  0.00752232   -0.00546269  0.00000000    0.23354172  0.00000000
    1    2
 -0.07720014  0.05600175   -0.03983079  0.03765406    0.03983079 -0.03765406
 -0.03983079  0.03765406   -0.05859753  0.05757290   -0.12436899 -0.03792799
  0.03983079 -0.03765406   -0.12436899 -0.03792799   -0.05859753  0.05757290
    2    1
 -0.07720014 -0.05600175   -0.03983079 -0.03765406    0.03983079  0.03765406
 -0.03983079 -0.03765406   -0.05859753 -0.05757290   -0.12436899  0.03792799
  0.03983079  0.03765406   -0.12436899  0.03792799   -0.05859753 -0.05757290
    2    2
  0.28349013  0.00000000   -0.00594508 -0.00752232    0.00594508  0.00752232
 -0.00594508  0.00752232    0.23354172  0.00000000   -0.00546269  0.00000000
  0.00594508 -0.00752232   -0.00546269  0.00000000    0.23354172  0.00000000

     Dynamical  Matrix in cartesian axes

     q = (   -0.750000000   0.750000000  -0.250000000 ) 

    1    1
  0.23354172  0.00000000   -0.00546269  0.00000000    0.00594508  0.00752232
 -0.00546269  0.00000000    0.23354172  0.00000000   -0.00594508 -0.00752232
  0.00594508 -0.00752232   -0.00594508  0.00752232    0.28349013  0.00000000
    1    2
 -0.05859753  0.05757290   -0.12436899 -0.03792799    0.03983079 -0.03765406
 -0.12436899 -0.03792799   -0.05859753  0.05757290   -0.03983079  0.03765406
  0.03983079 -0.03765406   -0.03983079  0.03765406   -0.07720014  0.05600175
    2    1
 -0.05859753 -0.05757290   -0.12436899  0.03792799    0.03983079  0.03765406
 -0.12436899  0.03792799   -0.05859753 -0.05757290   -0.03983079 -0.03765406
  0.03983079  0.03765406   -0.03983079 -0.03765406   -0.07720014 -0.05600175
    2    2
  0.23354172  0.00000000   -0.00546269  0.00000000    0.00594508 -0.00752232
 -0.00546269  0.00000000    0.23354172  0.00000000   -0.00594508  0.00752232
  0.00594508  0.00752232   -0.00594508 -0.00752232    0.28349013  0.00000000

     Dynamical  Matrix in cartesian axes

     q = (    0.750000000   0.250000000   0.750000000 ) 

    1    1
  0.23354172  0.00000000    0.00594508  0.00752232    0.00546269  0.00000000
  0.00594508 -0.00752232    0.28349013  0.00000000    0.00594508 -0.00752232
  0.00546269  0.00000000    0.00594508  0.00752232    0.23354172  0.00000000
    1    2
  0.05859753 -0.05757290   -0.03983079  0.03765406   -0.12436899 -0.03792799
 -0.03983079  0.03765406    0.07720014 -0.05600175   -0.03983079  0.03765406
 -0.12436899 -0.03792799   -0.03983079  0.03765406    0.05859753 -0.05757290
    2    1
  0.05859753  0.05757290   -0.03983079 -0.03765406   -0.12436899  0.03792799
 -0.03983079 -0.03765406    0.07720014  0.05600175   -0.03983079 -0.03765406
 -0.12436899  0.03792799   -0.03983079 -0.03765406    0.05859753  0.05757290
    2    2
  0.23354172  0.00000000    0.00594508 -0.00752232    0.00546269  0.00000000
  0.00594508  0.00752232    0.28349013  0.00000000    0.00594508  0.00752232
  0.00546269  0.00000000    0.00594508 -0.00752232    0.23354172  0.00000000

     Dynamical  Matrix in cartesian axes

     q = (   -0.750000000   0.250000000   0.750000000 ) 

    1    1
  0.23354172  0.00000000   -0.00594508  0.00752232   -0.00546269  0.00000000
 -0.00594508 -0.00752232    0.28349013  0.00000000    0.00594508  0.00752232
 -0.00546269  0.00000000    0.00594508 -0.00752232    0.23354172  0.00000000
    1    2
 -0.05859753 -0.05757290   -0.03983079 -0.03765406   -0.12436899  0.03792799
 -0.03983079 -0.03765406   -0.07720014 -0.05600175    0.03983079  0.03765406
 -0.12436899  0.03792799    0.03983079  0.03765406   -0.05859753 -0.05757290
    2    1
 -0.05859753  0.05757290   -0.03983079  0.03765406   -0.12436899 -0.03792799
 -0.03983079  0.03765406   -0.07720014  0.05600175    0.03983079 -0.03765406
 -0.12436899 -0.03792799    0.03983079 -0.03765406   -0.05859753  0.05757290
    2    2
  0.23354172  0.00000000   -0.00594508 -0.00752232   -0.00546269  0.00000000
 -0.00594508  0.00752232    0.28349013  0.00000000    0.00594508 -0.00752232
 -0.00546269  0.00000000    0.00594508  0.00752232    0.23354172  0.00000000

     Dynamical  Matrix in cartesian axes

     q = (    0.750000000   0.250000000  -0.750000000 ) 

    1    1
  0.23354172  0.00000000    0.00594508 -0.00752232   -0.00546269  0.00000000
  0.00594508  0.00752232    0.28349013  0.00000000   -0.00594508 -0.00752232
 -0.00546269  0.00000000   -0.00594508  0.00752232    0.23354172  0.00000000
    1    2
 -0.05859753 -0.05757290    0.03983079  0.03765406   -0.12436899  0.03792799
  0.03983079  0.03765406   -0.07720014 -0.05600175   -0.03983079 -0.03765406
 -0.12436899  0.03792799   -0.03983079 -0.03765406   -0.05859753 -0.05757290
    2    1
 -0.05859753  0.05757290    0.03983079 -0.03765406   -0.12436899 -0.03792799
  0.03983079 -0.03765406   -0.07720014  0.05600175   -0.03983079  0.03765406
 -0.12436899 -0.03792799   -0.03983079  0.03765406   -0.05859753  0.05757290
    2    2
  0.23354172  0.00000000    0.00594508  0.00752232   -0.00546269  0.00000000
  0.00594508 -0.00752232    0.28349013  0.00000000   -0.00594508  0.00752232
 -0.00546269  0.00000000   -0.00594508 -0.00752232    0.23354172  0.00000000

     Dynamical  Matrix in cartesian axes

     q = (   -0.750000000   0.750000000   0.250000000 ) 

    1    1
  0.23354172  0.00000000   -0.00546269  0.00000000   -0.00594508  0.00752232
 -0.00546269  0.00000000    0.23354172  0.00000000    0.00594508 -0.00752232
 -0.00594508 -0.00752232    0.00594508  0.00752232    0.28349013  0.00000000
    1    2
 -0.05859753 -0.05757290   -0.12436899  0.03792799   -0.03983079 -0.03765406
 -0.12436899  0.03792799   -0.05859753 -0.05757290    0.03983079  0.03765406
 -0.03983079 -0.03765406    0.03983079  0.03765406   -0.07720014 -0.05600175
    2    1
 -0.05859753  0.05757290   -0.12436899 -0.03792799   -0.03983079  0.03765406
 -0.12436899 -0.03792799   -0.05859753  0.05757290    0.03983079 -0.03765406
 -0.03983079  0.03765406    0.03983079 -0.03765406   -0.07720014  0.05600175
    2    2
  0.23354172  0.00000000   -0.00546269  0.00000000   -0.00594508 -0.00752232
 -0.00546269  0.00000000    0.23354172  0.00000000    0.00594508  0.00752232
 -0.00594508  0.00752232    0.00594508 -0.00752232    0.28349013  0.00000000

     Dynamical  Matrix in cartesian axes

     q = (   -0.250000000   0.750000000   0.750000000 ) 

    1    1
  0.28349013  0.00000000   -0.00594508 -0.00752232   -0.00594508 -0.00752232
 -0.00594508  0.00752232    0.23354172  0.00000000    0.00546269  0.00000000
 -0.00594508  0.00752232    0.00546269  0.00000000    0.23354172  0.00000000
    1    2
 -0.05600175  0.07720014   -0.03765406  0.03983079   -0.03765406  0.03983079
 -0.03765406  0.03983079   -0.05757290  0.05859753   -0.03792799 -0.12436899
 -0.03765406  0.03983079   -0.03792799 -0.12436899   -0.05757290  0.05859753
    2    1
 -0.05600175 -0.07720014   -0.03765406 -0.03983079   -0.03765406 -0.03983079
 -0.03765406 -0.03983079   -0.05757290 -0.05859753   -0.03792799  0.12436899
 -0.03765406 -0.03983079   -0.03792799  0.12436899   -0.05757290 -0.05859753
    2    2
  0.28349013  0.00000000   -0.00594508  0.00752232   -0.00594508  0.00752232
 -0.00594508 -0.00752232    0.23354172  0.00000000    0.00546269  0.00000000
 -0.00594508 -0.00752232    0.00546269  0.00000000    0.23354172  0.00000000

     Dynamical  Matrix in cartesian axes

     q = (    0.250000000   0.750000000  -0.750000000 ) 

    1    1
  0.28349013  0.00000000    0.00594508  0.00752232   -0.00594508 -0.00752232
  0.00594508 -0.00752232    0.23354172  0.00000000   -0.00546269  0.00000000
 -0.00594508  0.00752232   -0.00546269  0.00000000    0.23354172  0.00000000
    1    2
 -0.07720014 -0.05600175    0.03983079  0.03765406   -0.03983079 -0.03765406
  0.03983079  0.03765406   -0.05859753 -0.05757290   -0.12436899  0.03792799
 -0.03983079 -0.03765406   -0.12436899  0.03792799   -0.05859753 -0.05757290
    2    1
 -0.07720014  0.05600175    0.03983079 -0.03765406   -0.03983079  0.03765406
  0.03983079 -0.03765406   -0.05859753  0.05757290   -0.12436899 -0.03792799
 -0.03983079  0.03765406   -0.12436899 -0.03792799   -0.05859753  0.05757290
    2    2
  0.28349013  0.00000000    0.00594508 -0.00752232   -0.00594508  0.00752232
  0.00594508  0.00752232    0.23354172  0.00000000   -0.00546269  0.00000000
 -0.00594508 -0.00752232   -0.00546269  0.00000000    0.23354172  0.00000000

     Dynamical  Matrix in cartesian axes

     q = (   -0.250000000  -0.750000000  -0.750000000 ) 

    1    1
  0.28349013  0.00000000    0.00594508  0.00752232    0.00594508  0.00752232
  0.00594508 -0.00752232    0.23354172  0.00000000    0.00546269  0.00000000
  0.00594508 -0.00752232    0.00546269  0.00000000    0.23354172  0.00000000
    1    2
  0.07720014  0.05600175   -0.03983079 -0.03765406   -0.03983079 -0.03765406
 -0.03983079 -0.03765406    0.05859753  0.05757290   -0.12436899  0.03792799
 -0.03983079 -0.03765406   -0.12436899  0.03792799    0.05859753  0.05757290
    2    1
  0.07720014 -0.05600175   -0.03983079  0.03765406   -0.03983079  0.03765406
 -0.03983079  0.03765406    0.05859753 -0.05757290   -0.12436899 -0.03792799
 -0.03983079  0.03765406   -0.12436899 -0.03792799    0.05859753 -0.05757290
    2    2
  0.28349013  0.00000000    0.00594508 -0.00752232    0.00594508 -0.00752232
  0.00594508  0.00752232    0.23354172  0.00000000    0.00546269  0.00000000
  0.00594508  0.00752232    0.00546269  0.00000000    0.23354172  0.00000000

     Dynamical  Matrix in cartesian axes

     q = (    0.750000000   0.750000000  -0.250000000 ) 

    1    1
  0.23354172  0.00000000    0.00546269  0.00000000   -0.00594508  0.00752232
  0.00546269  0.00000000    0.23354172  0.00000000   -0.00594508  0.00752232
 -0.00594508 -0.00752232   -0.00594508 -0.00752232    0.28349013  0.00000000
    1    2
 -0.05757290  0.05859753   -0.03792799 -0.12436899   -0.03765406  0.03983079
 -0.03792799 -0.12436899   -0.05757290  0.05859753   -0.03765406  0.03983079
 -0.03765406  0.03983079   -0.03765406  0.03983079   -0.05600175  0.07720014
    2    1
 -0.05757290 -0.05859753   -0.03792799  0.12436899   -0.03765406 -0.03983079
 -0.03792799  0.12436899   -0.05757290 -0.05859753   -0.03765406 -0.03983079
 -0.03765406 -0.03983079   -0.03765406 -0.03983079   -0.05600175 -0.07720014
    2    2
  0.23354172  0.00000000    0.00546269  0.00000000   -0.00594508 -0.00752232
  0.00546269  0.00000000    0.23354172  0.00000000   -0.00594508 -0.00752232
 -0.00594508  0.00752232   -0.00594508  0.00752232    0.28349013  0.00000000

     Dynamical  Matrix in cartesian axes

     q = (    0.750000000  -0.750000000   0.250000000 ) 

    1    1
  0.23354172  0.00000000   -0.00546269  0.00000000    0.00594508 -0.00752232
 -0.00546269  0.00000000    0.23354172  0.00000000   -0.00594508  0.00752232
  0.00594508  0.00752232   -0.00594508 -0.00752232    0.28349013  0.00000000
    1    2
 -0.05859753 -0.05757290   -0.12436899  0.03792799    0.03983079  0.03765406
 -0.12436899  0.03792799   -0.05859753 -0.05757290   -0.03983079 -0.03765406
  0.03983079  0.03765406   -0.03983079 -0.03765406   -0.07720014 -0.05600175
    2    1
 -0.05859753  0.05757290   -0.12436899 -0.03792799    0.03983079 -0.03765406
 -0.12436899 -0.03792799   -0.05859753  0.05757290   -0.03983079  0.03765406
  0.03983079 -0.03765406   -0.03983079  0.03765406   -0.07720014  0.05600175
    2    2
  0.23354172  0.00000000   -0.00546269  0.00000000    0.00594508  0.00752232
 -0.00546269  0.00000000    0.23354172  0.00000000   -0.00594508 -0.00752232
  0.00594508 -0.00752232   -0.00594508  0.00752232    0.28349013  0.00000000

     Dynamical  Matrix in cartesian axes

     q = (   -0.750000000  -0.750000000  -0.250000000 ) 

    1    1
  0.23354172  0.00000000    0.00546269  0.00000000    0.00594508 -0.00752232
  0.00546269  0.00000000    0.23354172  0.00000000    0.00594508 -0.00752232
  0.00594508  0.00752232    0.00594508  0.00752232    0.28349013  0.00000000
    1    2
  0.05859753  0.05757290   -0.12436899  0.03792799   -0.03983079 -0.03765406
 -0.12436899  0.03792799    0.05859753  0.05757290   -0.03983079 -0.03765406
 -0.03983079 -0.03765406   -0.03983079 -0.03765406    0.07720014  0.05600175
    2    1
  0.05859753 -0.05757290   -0.12436899 -0.03792799   -0.03983079  0.03765406
 -0.12436899 -0.03792799    0.05859753 -0.05757290   -0.03983079  0.03765406
 -0.03983079  0.03765406   -0.03983079  0.03765406    0.07720014 -0.05600175
    2    2
  0.23354172  0.00000000    0.00546269  0.00000000    0.00594508  0.00752232
  0.00546269  0.00000000    0.23354172  0.00000000    0.00594508  0.00752232
  0.00594508 -0.00752232    0.00594508 -0.00752232    0.28349013  0.00000000

     Dynamical  Matrix in cartesian axes

     q = (    0.250000000  -0.750000000   0.750000000 ) 

    1    1
  0.28349013  0.00000000   -0.00594508 -0.00752232    0.00594508  0.00752232
 -0.00594508  0.00752232    0.23354172  0.00000000   -0.00546269  0.00000000
  0.00594508 -0.00752232   -0.00546269  0.00000000    0.23354172  0.00000000
    1    2
 -0.07720014 -0.05600175   -0.03983079 -0.03765406    0.03983079  0.03765406
 -0.03983079 -0.03765406   -0.05859753 -0.05757290   -0.12436899  0.03792799
  0.03983079  0.03765406   -0.12436899  0.03792799   -0.05859753 -0.05757290
    2    1
 -0.07720014  0.05600175   -0.03983079  0.03765406    0.03983079 -0.03765406
 -0.03983079  0.03765406   -0.05859753  0.05757290   -0.12436899 -0.03792799
  0.03983079 -0.03765406   -0.12436899 -0.03792799   -0.05859753  0.05757290
    2    2
  0.28349013  0.00000000   -0.00594508  0.00752232    0.00594508 -0.00752232
 -0.00594508 -0.00752232    0.23354172  0.00000000   -0.00546269  0.00000000
  0.00594508  0.00752232   -0.00546269  0.00000000    0.23354172  0.00000000

     Dynamical  Matrix in cartesian axes

     q = (   -0.750000000  -0.750000000   0.250000000 ) 

    1    1
  0.23354172  0.00000000    0.00546269  0.00000000   -0.00594508 -0.00752232
  0.00546269  0.00000000    0.23354172  0.00000000   -0.00594508 -0.00752232
 -0.00594508  0.00752232   -0.00594508  0.00752232    0.28349013  0.00000000
    1    2
 -0.05757290 -0.05859753   -0.03792799  0.12436899   -0.03765406 -0.03983079
 -0.03792799  0.12436899   -0.05757290 -0.05859753   -0.03765406 -0.03983079
 -0.03765406 -0.03983079   -0.03765406 -0.03983079   -0.05600175 -0.07720014
    2    1
 -0.05757290  0.05859753   -0.03792799 -0.12436899   -0.03765406  0.03983079
 -0.03792799 -0.12436899   -0.05757290  0.05859753   -0.03765406  0.03983079
 -0.03765406  0.03983079   -0.03765406  0.03983079   -0.05600175  0.07720014
    2    2
  0.23354172  0.00000000    0.00546269  0.00000000   -0.00594508  0.00752232
  0.00546269  0.00000000    0.23354172  0.00000000   -0.00594508  0.00752232
 -0.00594508 -0.00752232   -0.00594508 -0.00752232    0.28349013  0.00000000

     Dynamical  Matrix in cartesian axes

     q = (    0.250000000   0.750000000   0.750000000 ) 

    1    1
  0.28349013  0.00000000    0.00594508 -0.00752232    0.00594508 -0.00752232
  0.00594508  0.00752232    0.23354172  0.00000000    0.00546269  0.00000000
  0.00594508  0.00752232    0.00546269  0.00000000    0.23354172  0.00000000
    1    2
  0.07720014 -0.05600175   -0.03983079  0.03765406   -0.03983079  0.03765406
 -0.03983079  0.03765406    0.05859753 -0.05757290   -0.12436899 -0.03792799
 -0.03983079  0.03765406   -0.12436899 -0.03792799    0.05859753 -0.05757290
    2    1
  0.07720014  0.05600175   -0.03983079 -0.03765406   -0.03983079 -0.03765406
 -0.03983079 -0.03765406    0.05859753  0.05757290   -0.12436899  0.03792799
 -0.03983079 -0.03765406   -0.12436899  0.03792799    0.05859753  0.05757290
    2    2
  0.28349013  0.00000000    0.00594508  0.00752232    0.00594508  0.00752232
  0.00594508 -0.00752232    0.23354172  0.00000000    0.00546269  0.00000000
  0.00594508 -0.00752232    0.00546269  0.00000000    0.23354172  0.00000000

     Dynamical  Matrix in cartesian axes

     q = (   -0.250000000  -0.750000000   0.750000000 ) 

    1    1
  0.28349013  0.00000000    0.00594508 -0.00752232   -0.00594508  0.00752232
  0.00594508  0.00752232    0.23354172  0.00000000   -0.00546269  0.00000000
 -0.00594508 -0.00752232   -0.00546269  0.00000000    0.23354172  0.00000000
    1    2
 -0.07720014  0.05600175    0.03983079 -0.03765406   -0.03983079  0.03765406
  0.03983079 -0.03765406   -0.05859753  0.05757290   -0.12436899 -0.03792799
 -0.03983079  0.03765406   -0.12436899 -0.03792799   -0.05859753  0.05757290
    2    1
 -0.07720014 -0.05600175    0.03983079  0.03765406   -0.03983079 -0.03765406
  0.03983079  0.03765406   -0.05859753 -0.05757290   -0.12436899  0.03792799
 -0.03983079 -0.03765406   -0.12436899  0.03792799   -0.05859753 -0.05757290
    2    2
  0.28349013  0.00000000    0.00594508  0.00752232   -0.00594508 -0.00752232
  0.00594508 -0.00752232    0.23354172  0.00000000   -0.00546269  0.00000000
 -0.00594508  0.00752232   -0.00546269  0.00000000    0.23354172  0.00000000

     Dynamical  Matrix in cartesian axes

     q = (    0.750000000   0.750000000   0.250000000 ) 

    1    1
  0.23354172  0.00000000    0.00546269  0.00000000    0.00594508  0.00752232
  0.00546269  0.00000000    0.23354172  0.00000000    0.00594508  0.00752232
  0.00594508 -0.00752232    0.00594508 -0.00752232    0.28349013  0.00000000
    1    2
  0.05859753 -0.05757290   -0.12436899 -0.03792799   -0.03983079  0.03765406
 -0.12436899 -0.03792799    0.05859753 -0.05757290   -0.03983079  0.03765406
 -0.03983079  0.03765406   -0.03983079  0.03765406    0.07720014 -0.05600175
    2    1
  0.05859753  0.05757290   -0.12436899  0.03792799   -0.03983079 -0.03765406
 -0.12436899  0.03792799    0.05859753  0.05757290   -0.03983079 -0.03765406
 -0.03983079 -0.03765406   -0.03983079 -0.03765406    0.07720014  0.05600175
    2    2
  0.23354172  0.00000000    0.00546269  0.00000000    0.00594508 -0.00752232
  0.00546269  0.00000000    0.23354172  0.00000000    0.00594508 -0.00752232
  0.00594508  0.00752232    0.00594508  0.00752232    0.28349013  0.00000000

     Dynamical  Matrix in cartesian axes

     q = (    0.250000000  -0.750000000  -0.750000000 ) 

    1    1
  0.28349013  0.00000000   -0.00594508  0.00752232   -0.00594508  0.00752232
 -0.00594508 -0.00752232    0.23354172  0.00000000    0.00546269  0.00000000
 -0.00594508 -0.00752232    0.00546269  0.00000000    0.23354172  0.00000000
    1    2
 -0.05600175 -0.07720014   -0.03765406 -0.03983079   -0.03765406 -0.03983079
 -0.03765406 -0.03983079   -0.05757290 -0.05859753   -0.03792799  0.12436899
 -0.03765406 -0.03983079   -0.03792799  0.12436899   -0.05757290 -0.05859753
    2    1
 -0.05600175  0.07720014   -0.03765406  0.03983079   -0.03765406  0.03983079
 -0.03765406  0.03983079   -0.05757290  0.05859753   -0.03792799 -0.12436899
 -0.03765406  0.03983079   -0.03792799 -0.12436899   -0.05757290  0.05859753
    2    2
  0.28349013  0.00000000   -0.00594508 -0.00752232   -0.00594508 -0.00752232
 -0.00594508  0.00752232    0.23354172  0.00000000    0.00546269  0.00000000
 -0.00594508  0.00752232    0.00546269  0.00000000    0.23354172  0.00000000

     Dynamical  Matrix in cartesian axes

     q = (    0.750000000  -0.750000000  -0.250000000 ) 

    1    1
  0.23354172  0.00000000   -0.00546269  0.00000000   -0.00594508 -0.00752232
 -0.00546269  0.00000000    0.23354172  0.00000000    0.00594508  0.00752232
 -0.00594508  0.00752232    0.00594508 -0.00752232    0.28349013  0.00000000
    1    2
 -0.05859753  0.05757290   -0.12436899 -0.03792799   -0.03983079  0.03765406
 -0.12436899 -0.03792799   -0.05859753  0.05757290    0.03983079 -0.03765406
 -0.03983079  0.03765406    0.03983079 -0.03765406   -0.07720014  0.05600175
    2    1
 -0.05859753 -0.05757290   -0.12436899  0.03792799   -0.03983079 -0.03765406
 -0.12436899  0.03792799   -0.05859753 -0.05757290    0.03983079  0.03765406
 -0.03983079 -0.03765406    0.03983079  0.03765406   -0.07720014 -0.05600175
    2    2
  0.23354172  0.00000000   -0.00546269  0.00000000   -0.00594508  0.00752232
 -0.00546269  0.00000000    0.23354172  0.00000000    0.00594508 -0.00752232
 -0.00594508 -0.00752232    0.00594508  0.00752232    0.28349013  0.00000000

     Diagonalizing the dynamical matrix

     q = (    0.750000000  -0.250000000   0.750000000 ) 

 **************************************************************************
     freq (    1) =       4.316140 [THz] =     143.970948 [cm-1]
 ( -0.053378  0.497143  0.000000  0.000000  0.053378 -0.497143 ) 
 ( -0.500000  0.000000  0.000000  0.000000  0.500000  0.000000 ) 
     freq (    2) =       5.875041 [THz] =     195.970267 [cm-1]
 ( -0.393862 -0.150248 -0.346762  0.156055 -0.393862 -0.150248 ) 
 ( -0.421546  0.000000 -0.268368 -0.269399 -0.421546  0.000000 ) 
     freq (    3) =       9.161221 [THz] =     305.585437 [cm-1]
 ( -0.099328  0.297350 -0.396592 -0.382293 -0.099328  0.297350 ) 
 (  0.313502 -0.000000 -0.236943 -0.497284  0.313502  0.000000 ) 
     freq (    4) =      11.748132 [THz] =     391.875503 [cm-1]
 ( -0.106354 -0.319895  0.406125  0.328291 -0.106354 -0.319895 ) 
 (  0.337111 -0.000000 -0.439652 -0.281812  0.337111  0.000000 ) 
     freq (    5) =      13.199841 [THz] =     440.299314 [cm-1]
 ( -0.053378  0.497143 -0.000000  0.000000  0.053378 -0.497143 ) 
 (  0.500000 -0.000000  0.000000  0.000000 -0.500000  0.000000 ) 
     freq (    6) =      13.614756 [THz] =     454.139376 [cm-1]
 (  0.298109  0.146638  0.477852 -0.225642  0.298109  0.146638 ) 
 ( -0.332222  0.000000 -0.329190 -0.413390 -0.332222  0.000000 ) 
 **************************************************************************
