Dynamical matrix file
phonon calculation.                                                        
  1    2  2 10.4109092  0.0000000  0.0000000  0.0000000  0.0000000  0.0000000
           1  'Si  '    25598.3672624059     
    1    1      0.0000000000      0.0000000000      0.0000000000
    2    1      0.2500000000      0.2500000000      0.2500000000

     Dynamical  Matrix in cartesian axes

     q = (   -0.250000000   0.250000000  -0.250000000 ) 

    1    1
  0.25762920  0.00000000   -0.01110309 -0.00000000    0.01110309  0.00000000
 -0.01110309 -0.00000000    0.25762920  0.00000000   -0.01110309 -0.00000000
  0.01110309  0.00000000   -0.01110309 -0.00000000    0.25762920  0.00000000
    1    2
 -0.19230137 -0.05574289   -0.03447314  0.03595396    0.03447314 -0.03595396
 -0.03447314  0.03595396   -0.19230137 -0.05574289   -0.03447314  0.03595396
  0.03447314 -0.03595396   -0.03447314  0.03595396   -0.19230137 -0.05574289
    2    1
 -0.19230137  0.05574289   -0.03447314 -0.03595396    0.03447314  0.03595396
 -0.03447314 -0.03595396   -0.19230137  0.05574289   -0.03447314 -0.03595396
  0.03447314  0.03595396   -0.03447314 -0.03595396   -0.19230137  0.05574289
    2    2
  0.25762920 -0.00000000   -0.01110309  0.00000000    0.01110309 -0.00000000
 -0.01110309  0.00000000    0.25762920  0.00000000   -0.01110309  0.00000000
  0.01110309 -0.00000000   -0.01110309  0.00000000    0.25762920  0.00000000

     Dynamical  Matrix in cartesian axes

     q = (    0.250000000  -0.250000000  -0.250000000 ) 

    1    1
  0.25762920 -0.00000000   -0.01110309 -0.00000000   -0.01110309 -0.00000000
 -0.01110309 -0.00000000    0.25762920 -0.00000000    0.01110309  0.00000000
 -0.01110309 -0.00000000    0.01110309  0.00000000    0.25762920 -0.00000000
    1    2
 -0.19230137 -0.05574289   -0.03447314  0.03595396   -0.03447314  0.03595396
 -0.03447314  0.03595396   -0.19230137 -0.05574289    0.03447314 -0.03595396
 -0.03447314  0.03595396    0.03447314 -0.03595396   -0.19230137 -0.05574289
    2    1
 -0.19230137  0.05574289   -0.03447314 -0.03595396   -0.03447314 -0.03595396
 -0.03447314 -0.03595396   -0.19230137  0.05574289    0.03447314  0.03595396
 -0.03447314 -0.03595396    0.03447314  0.03595396   -0.19230137  0.05574289
    2    2
  0.25762920 -0.00000000   -0.01110309  0.00000000   -0.01110309  0.00000000
 -0.01110309  0.00000000    0.25762920 -0.00000000    0.01110309 -0.00000000
 -0.01110309  0.00000000    0.01110309 -0.00000000    0.25762920  0.00000000

     Dynamical  Matrix in cartesian axes

     q = (    0.250000000  -0.250000000   0.250000000 ) 

    1    1
  0.25762920 -0.00000000   -0.01110309  0.00000000    0.01110309 -0.00000000
 -0.01110309  0.00000000    0.25762920 -0.00000000   -0.01110309  0.00000000
  0.01110309 -0.00000000   -0.01110309  0.00000000    0.25762920  0.00000000
    1    2
 -0.19230137  0.05574289   -0.03447314 -0.03595396    0.03447314  0.03595396
 -0.03447314 -0.03595396   -0.19230137  0.05574289   -0.03447314 -0.03595396
  0.03447314  0.03595396   -0.03447314 -0.03595396   -0.19230137  0.05574289
    2    1
 -0.19230137 -0.05574289   -0.03447314  0.03595396    0.03447314 -0.03595396
 -0.03447314  0.03595396   -0.19230137 -0.05574289   -0.03447314  0.03595396
  0.03447314 -0.03595396   -0.03447314  0.03595396   -0.19230137 -0.05574289
    2    2
  0.25762920  0.00000000   -0.01110309 -0.00000000    0.01110309  0.00000000
 -0.01110309 -0.00000000    0.25762920  0.00000000   -0.01110309 -0.00000000
  0.01110309  0.00000000   -0.01110309 -0.00000000    0.25762920  0.00000000

     Dynamical  Matrix in cartesian axes

     q = (    0.250000000   0.250000000   0.250000000 ) 

    1    1
  0.25762920  0.00000000    0.01110309  0.00000000    0.01110309  0.00000000
  0.01110309  0.00000000    0.25762920  0.00000000    0.01110309  0.00000000
  0.01110309  0.00000000    0.01110309  0.00000000    0.25762920  0.00000000
    1    2
 -0.05574289  0.19230137   -0.03595396 -0.03447314   -0.03595396 -0.03447314
 -0.03595396 -0.03447314   -0.05574289  0.19230137   -0.03595396 -0.03447314
 -0.03595396 -0.03447314   -0.03595396 -0.03447314   -0.05574289  0.19230137
    2    1
 -0.05574289 -0.19230137   -0.03595396  0.03447314   -0.03595396  0.03447314
 -0.03595396  0.03447314   -0.05574289 -0.19230137   -0.03595396  0.03447314
 -0.03595396  0.03447314   -0.03595396  0.03447314   -0.05574289 -0.19230137
    2    2
  0.25762920  0.00000000    0.01110309 -0.00000000    0.01110309 -0.00000000
  0.01110309 -0.00000000    0.25762920 -0.00000000    0.01110309 -0.00000000
  0.01110309 -0.00000000    0.01110309 -0.00000000    0.25762920 -0.00000000

     Dynamical  Matrix in cartesian axes

     q = (   -0.250000000  -0.250000000  -0.250000000 ) 

    1    1
  0.25762920  0.00000000    0.01110309 -0.00000000    0.01110309 -0.00000000
  0.01110309 -0.00000000    0.25762920 -0.00000000    0.01110309 -0.00000000
  0.01110309 -0.00000000    0.01110309 -0.00000000    0.25762920 -0.00000000
    1    2
 -0.05574289 -0.19230137   -0.03595396  0.03447314   -0.03595396  0.03447314
 -0.03595396  0.03447314   -0.05574289 -0.19230137   -0.03595396  0.03447314
 -0.03595396  0.03447314   -0.03595396  0.03447314   -0.05574289 -0.19230137
    2    1
 -0.05574289  0.19230137   -0.03595396 -0.03447314   -0.03595396 -0.03447314
 -0.03595396 -0.03447314   -0.05574289  0.19230137   -0.03595396 -0.03447314
 -0.03595396 -0.03447314   -0.03595396 -0.03447314   -0.05574289  0.19230137
    2    2
  0.25762920  0.00000000    0.01110309  0.00000000    0.01110309  0.00000000
  0.01110309  0.00000000    0.25762920  0.00000000    0.01110309  0.00000000
  0.01110309  0.00000000    0.01110309  0.00000000    0.25762920  0.00000000

     Dynamical  Matrix in cartesian axes

     q = (   -0.250000000  -0.250000000   0.250000000 ) 

    1    1
  0.25762920  0.00000000    0.01110309  0.00000000   -0.01110309 -0.00000000
  0.01110309  0.00000000    0.25762920  0.00000000   -0.01110309 -0.00000000
 -0.01110309 -0.00000000   -0.01110309 -0.00000000    0.25762920  0.00000000
    1    2
 -0.19230137 -0.05574289    0.03447314 -0.03595396   -0.03447314  0.03595396
  0.03447314 -0.03595396   -0.19230137 -0.05574289   -0.03447314  0.03595396
 -0.03447314  0.03595396   -0.03447314  0.03595396   -0.19230137 -0.05574289
    2    1
 -0.19230137  0.05574289    0.03447314  0.03595396   -0.03447314 -0.03595396
  0.03447314  0.03595396   -0.19230137  0.05574289   -0.03447314 -0.03595396
 -0.03447314 -0.03595396   -0.03447314 -0.03595396   -0.19230137  0.05574289
    2    2
  0.25762920 -0.00000000    0.01110309 -0.00000000   -0.01110309  0.00000000
  0.01110309 -0.00000000    0.25762920  0.00000000   -0.01110309  0.00000000
 -0.01110309  0.00000000   -0.01110309  0.00000000    0.25762920 -0.00000000

     Dynamical  Matrix in cartesian axes

     q = (   -0.250000000   0.250000000   0.250000000 ) 

    1    1
  0.25762920  0.00000000   -0.01110309  0.00000000   -0.01110309  0.00000000
 -0.01110309  0.00000000    0.25762920  0.00000000    0.01110309 -0.00000000
 -0.01110309  0.00000000    0.01110309 -0.00000000    0.25762920 -0.00000000
    1    2
 -0.19230137  0.05574289   -0.03447314 -0.03595396   -0.03447314 -0.03595396
 -0.03447314 -0.03595396   -0.19230137  0.05574289    0.03447314  0.03595396
 -0.03447314 -0.03595396    0.03447314  0.03595396   -0.19230137  0.05574289
    2    1
 -0.19230137 -0.05574289   -0.03447314  0.03595396   -0.03447314  0.03595396
 -0.03447314  0.03595396   -0.19230137 -0.05574289    0.03447314 -0.03595396
 -0.03447314  0.03595396    0.03447314 -0.03595396   -0.19230137 -0.05574289
    2    2
  0.25762920  0.00000000   -0.01110309 -0.00000000   -0.01110309 -0.00000000
 -0.01110309 -0.00000000    0.25762920 -0.00000000    0.01110309  0.00000000
 -0.01110309 -0.00000000    0.01110309  0.00000000    0.25762920 -0.00000000

     Dynamical  Matrix in cartesian axes

     q = (    0.250000000   0.250000000  -0.250000000 ) 

    1    1
  0.25762920 -0.00000000    0.01110309 -0.00000000   -0.01110309  0.00000000
  0.01110309 -0.00000000    0.25762920  0.00000000   -0.01110309  0.00000000
 -0.01110309  0.00000000   -0.01110309  0.00000000    0.25762920 -0.00000000
    1    2
 -0.19230137  0.05574289    0.03447314  0.03595396   -0.03447314 -0.03595396
  0.03447314  0.03595396   -0.19230137  0.05574289   -0.03447314 -0.03595396
 -0.03447314 -0.03595396   -0.03447314 -0.03595396   -0.19230137  0.05574289
    2    1
 -0.19230137 -0.05574289    0.03447314 -0.03595396   -0.03447314  0.03595396
  0.03447314 -0.03595396   -0.19230137 -0.05574289   -0.03447314  0.03595396
 -0.03447314  0.03595396   -0.03447314  0.03595396   -0.19230137 -0.05574289
    2    2
  0.25762920  0.00000000    0.01110309  0.00000000   -0.01110309 -0.00000000
  0.01110309  0.00000000    0.25762920  0.00000000   -0.01110309 -0.00000000
 -0.01110309 -0.00000000   -0.01110309 -0.00000000    0.25762920  0.00000000

     Diagonalizing the dynamical matrix

     q = (   -0.250000000   0.250000000  -0.250000000 ) 

 **************************************************************************
     freq (    1) =       2.826070 [THz] =      94.267543 [cm-1]
 (  0.546649  0.077166  0.126998  0.040546 -0.419651 -0.036620 ) 
 (  0.551288  0.029352  0.130042  0.029352 -0.421246  0.000000 ) 
     freq (    2) =       2.826070 [THz] =      94.267543 [cm-1]
 ( -0.162700 -0.045633 -0.556029 -0.079956 -0.393328 -0.034323 ) 
 ( -0.166051 -0.031317 -0.560874 -0.031317 -0.394823  0.000000 ) 
     freq (    3) =       6.577369 [THz] =     219.397400 [cm-1]
 ( -0.283693 -0.293573  0.283693  0.293573 -0.283693 -0.293573 ) 
 ( -0.408248  0.000000  0.408248 -0.000000 -0.408248  0.000000 ) 
     freq (    4) =      13.905702 [THz] =     463.844307 [cm-1]
 ( -0.283693 -0.293573  0.283693  0.293573 -0.283693 -0.293573 ) 
 (  0.408248  0.000000 -0.408248  0.000000  0.408248  0.000000 ) 
     freq (    5) =      14.158996 [THz] =     472.293271 [cm-1]
 (  0.246924  0.447066  0.201859  0.443133 -0.045065 -0.003933 ) 
 ( -0.284854 -0.423908 -0.239618 -0.423908  0.045236  0.000000 ) 
     freq (    6) =      14.158996 [THz] =     472.293271 [cm-1]
 (  0.269062 -0.009964 -0.304334 -0.060000 -0.573396 -0.050036 ) 
 ( -0.267178  0.033316  0.308398  0.033316  0.575575  0.000000 ) 
 **************************************************************************
